Pct Ivo Count for horry
 PCT   IVO    PCTTOT     155     152 : RUNNINGTOTAL
0101 5101306       1       3       3 :       1 (ZORK PCTTOT-152) (ZORK PCTTOT-155)
0101 5124263     132     132     132 :     133
0101 5128601     115     115     115 :     248
0101 5132829     125     125     125 :     373
0101 5138324     136     136     136 :     509
PCT TOTAL                    ADRIAN 0101     509:     620 (      111) ZORK
0102 5126348     139     139     139 :     139
0102 5138519      93      93      93 :     232
PCT TOTAL                 ALLSBROOK 0102     232:     232
0103 5101306       1       3       3 :       1 (ZORK PCTTOT-152) (ZORK PCTTOT-155)
0103 5122355      18      18      18 :      19
0103 5128562      46      46      46 :      65
PCT TOTAL            ATLANTIC_BEACH 0103      65:      64 (       -1) ZORK
0104 5122568     142     142     142 :     142
0104 5123802     149     149     149 :     291
0104 5123993     158     158     158 :     449
0104 5133110     134     134     134 :     583
PCT TOTAL                     AYNOR 0104     583:     583
0105 5120741     122     122     122 :     122
0105 5128013     111     111     111 :     233
PCT TOTAL                   BAYBORO 0105     233:     357 (      124) ZORK
0106 5119263     136     136     136 :     136
0106 5122616      47      47      47 :     183
0106 5124318     112     112     112 :     295
0106 5125531     132     132     132 :     427
0106 5133000     144     144     144 :     571
0106 5134301     114     114     114 :     685
PCT TOTAL               BROOKSVILLE 0106     685:    1086 (      401) ZORK
0107 5127310      98      98      98 :      98
PCT TOTAL                  BROWNWAY 0107      98:     435 (      337) ZORK
0108 5103022     119     119     119 :     119
0108 5105613     119     119     119 :     238
0108 5122195     148     148     148 :     386
0108 5123724      88      88      88 :     474
0108 5124097     138     138     138 :     612
0108 5124228     134     134     134 :     746
0108 5124325     109     109     109 :     855
0108 5125271      80      80      80 :     935
0108 5125850     133     133     133 :    1068
0108 5126084      94      94      94 :    1162
0108 5132466     143     143     143 :    1305
0108 5138070     116     116     116 :    1421
PCT TOTAL                BURGESS_#1 0108    1421:    1421
0109 5119570     161     161     161 :     161
0109 5121822     151     151     151 :     312
0109 5122756     135     135     135 :     447
0109 5126458     135     135     135 :     582
0109 5131844      76      76      76 :     658
0109 5185389     141     141     141 :     799
PCT TOTAL                BURGESS_#2 0109     799:    1034 (      235) ZORK
0110 5101306       1       3       3 :       1 (ZORK PCTTOT-152) (ZORK PCTTOT-155)
0110 5116979     110     110     110 :     111
0110 5119820     106     106     106 :     217
0110 5125014     116     116     116 :     333
0110 5129211     108     108     108 :     441
0110 5131822      42      42      42 :     483
0110 5131986     107     107     107 :     590
0110 5136157     117     117     117 :     707
PCT TOTAL        CAROLINA_FOREST_#1 0110     707:     816 (      109) ZORK
0111 5126938      89      89      89 :      89
0111 5127500     104     104     104 :     193
0111 5144022     101     101     101 :     294
0111 5187743     108     108     108 :     402
PCT TOTAL        CAROLINA_FOREST_#2 0111     402:     512 (      110) ZORK
0112 5128009     141     141     141 :     141
0112 5136478     147     147     147 :     288
PCT TOTAL               CEDAR_GROVE 0112     288:     288
0113 5120426     149     149     149 :     149
0113 5121280     126     126     126 :     275
0113 5132323       2       2       2 :     277
0113 5133024     128     128     128 :     405
0113 5142634     126     126     126 :     531
PCT TOTAL           CHERRY_GROVE_#1 0113     531:     531
0114 5118205     128     128     128 :     128
0114 5120963     159     159     159 :     287
0114 5122468     162     162     162 :     449
0114 5135561     157     157     157 :     606
0114 5137885     156     156     156 :     762
PCT TOTAL           CHERRY_GROVE_#2 0114     762:     762
0115 5118429      99      99      99 :      99
0115 5126677     111     111     111 :     210
0115 5127457     117     117     117 :     327
PCT TOTAL          COASTAL_CAROLINA 0115     327:     517 (      190) ZORK
0116 5121457      98      98      98 :      98
0116 5124071     101     101     101 :     199
0116 5125331     110     110     110 :     309
0116 5132494      79      79      79 :     388
PCT TOTAL           COASTAL_LANE_#1 0116     388:     388
0117 5127690      83      83      83 :      83
0117 5131136     103     103     103 :     186
0117 5134687     104     104     104 :     290
PCT TOTAL           COASTAL_LANE_#2 0117     290:     290
0118 5125174      76      76      76 :      76
0118 5128647      91      91      91 :     167
PCT TOTAL              COOL_SPRINGS 0118     167:     167
0119 5126758     120     120     120 :     120
0119 5133021     128     128     128 :     248
PCT TOTAL                   CRESENT 0119     248:     555 (      307) ZORK
0120 5116710     123     123     123 :     123
0120 5132082     132     132     132 :     255
0120 5133731     127     127     127 :     382
PCT TOTAL                     DAISY 0120     382:     382
0121 5118735     133     133     133 :     133
0121 5120128     135     135     135 :     268
0121 5123191     130     130     130 :     398
0121 5124618     108     108     108 :     506
0121 5124872      98      98      98 :     604
0121 5126031      83      83      83 :     687
0121 5126237     129     129     129 :     816
0121 5129535     115     115     115 :     931
0121 5143810     137     137     137 :    1068
PCT TOTAL                 DEERFIELD 0121    1068:    1068
0122 5125532     120     120     120 :     120
0122 5127984     122     122     122 :     242
PCT TOTAL                  DOGBLUFF 0122     242:     328 (       86) ZORK
0123 5118200      76      76      76 :      76
0123 5123809     127     127     127 :     203
0123 5133922     138     138     138 :     341
PCT TOTAL                   DOGWOOD 0123     341:     492 (      151) ZORK
0124 5124490     161     161     161 :     161
0124 5124724     162     162     162 :     323
0124 5130802     128     128     128 :     451
0124 5133121     160     160     160 :     611
PCT TOTAL                  DUNES_#1 0124     611:     912 (      301) ZORK
0125 5111659     122     122     122 :     122
0125 5115369     127     127     127 :     249
0125 5119264      99      99      99 :     348
0125 5121026     103     103     103 :     451
0125 5122956     105     105     105 :     556
PCT TOTAL                  DUNES_#2 0125     556:     556
0126 5124176     103     103     103 :     103
0126 5128055     111     111     111 :     214
0126 5138630     130     130     130 :     344
PCT TOTAL                  DUNES_#3 0126     344:     469 (      125) ZORK
0127 5105360     116     116     116 :     116
0127 5122114     119     119     119 :     235
0127 5132349     117     117     117 :     352
PCT TOTAL               EAST_CONWAY 0127     352:     482 (      130) ZORK
0128 5122927     125     125     125 :     125
0128 5123498     116     116     116 :     241
0128 5124856     130     130     130 :     371
0128 5125369     133     133     133 :     504
0128 5128771     121     121     121 :     625
0128 5131962     109     109     109 :     734
0128 5142197     110     110     110 :     844
PCT TOTAL                EAST_LORIS 0128     844:     936 (       92) ZORK
0129 5125925     168     168     168 :     168
0129 5130669     158     158     158 :     326
0129 5133301     168     168     168 :     494
0129 5135985     144     144     144 :     638
PCT TOTAL                  EBENEZER 0129     638:     638
0130 5104848      84      84      84 :      84
0130 5118035      82      82      82 :     166
0130 5118862     124     124     124 :     290
0130 5123560      84      84      84 :     374
0130 5124410      93      93      93 :     467
0130 5134621      99      99      99 :     566
0130 5137789      60      60      60 :     626
0130 5138513      91      91      91 :     717
0130 5187941      83      83      83 :     800
PCT TOTAL         EMERALD_FOREST_#1 0130     800:     888 (       88) ZORK
0131 5127164     110     110     110 :     110
0131 5131254     106     106     106 :     216
0131 5138141     103     103     103 :     319
0131 5185390      97      97      97 :     416
PCT TOTAL         EMERALD_FOREST_#2 0131     416:     527 (      111) ZORK
0132 5122907     131     131     131 :     131
0132 5124340     148     148     148 :     279
0132 5124406     147     147     147 :     426
0132 5125906     138     138     138 :     564
0132 5133178     133     133     133 :     697
0132 5138589     146     146     146 :     843
0132 5143227      88      88      88 :     931
PCT TOTAL         EMERALD_FOREST_#3 0132     931:     933 (        2) ZORK
0133 5106246     135     135     135 :     135
0133 5119070     131     131     131 :     266
0133 5121725     133     133     133 :     399
0133 5123230     101     101     101 :     500
0133 5123992     124     124     124 :     624
0133 5125436     144     144     144 :     768
PCT TOTAL                ENTERPRISE 0133     768:     768
0134 5123565      95      95      95 :      95
0134 5135808      89      89      89 :     184
PCT TOTAL                    FLOYDS 0134     184:     184
0135 5113532     138     138     138 :     138
0135 5124567      96      96      96 :     234
0135 5127048     146     146     146 :     380
0135 5129242     120     120     120 :     500
0135 5136003     136     136     136 :     636
0135 5138394     129     129     129 :     765
PCT TOTAL               FORESTBROOK 0135     765:     859 (       94) ZORK
0136 5119617     135     135     135 :     135
0136 5123086     137     137     137 :     272
0136 5128098     130     130     130 :     402
0136 5135581     118     118     118 :     520
PCT TOTAL                 FOUR_MILE 0136     520:     527 (        7) ZORK
0137 5133795      70      70      70 :      70
0137 5143629       9       9       9 :      79
PCT TOTAL          GALLIVANTS_FERRY 0137      79:      79
0138 5112265     160     160     160 :     160
0138 5131646      74      74      74 :     234
0138 5134765     149     149     149 :     383
0138 5170595     170     170     170 :     553
0138 5185693     145     145     145 :     698
PCT TOTAL            GARDEN_CITY_#1 0138     698:     698
0139 5121777     114     114     114 :     114
0139 5127516     113     113     113 :     227
0139 5129059     113     113     113 :     340
0139 5132978     113     113     113 :     453
PCT TOTAL            GARDEN_CITY_#2 0139     453:     567 (      114) ZORK
0140 5122808     120     120     120 :     120
0140 5126355     127     127     127 :     247
0140 5127184     130     130     130 :     377
0140 5128200     137     137     137 :     514
0140 5129290     130     130     130 :     644
PCT TOTAL            GARDEN_CITY_#3 0140     644:     644
0141 5118620     100     100     100 :     100
0141 5138758      82      82      82 :     182
PCT TOTAL            GARDEN_CITY_#4 0141     182:     505 (      323) ZORK
0142 5105235     121     121     121 :     121
0142 5109127      60      60      60 :     181
0142 5120152     121     121     121 :     302
0142 5123418     119     119     119 :     421
0142 5127957     119     119     119 :     540
0142 5138399     129     129     129 :     669
0142 5188106     100     100     100 :     769
PCT TOTAL                GLENNS_BAY 0142     769:     769
0143 5119818     107     107     107 :     107
0143 5134867      91      91      91 :     198
0143 5185017     120     120     120 :     318
PCT TOTAL                 GREEN_SEA 0143     318:     318
0144 5125288      31      31      31 :      31
0144 5133104      52      52      52 :      83
PCT TOTAL                    GURLEY 0144      83:      83
0145 5120996     103     103     103 :     103
0145 5128328     116     116     116 :     219
0145 5134807     127     127     127 :     346
PCT TOTAL             HICKORY_GROVE 0145     346:     479 (      133) ZORK
0146 5127472      36      36      36 :      36
0146 5129068      42      42      42 :      78
PCT TOTAL              HICKORY_HILL 0146      78:      78
0147 5128537     133     133     133 :     133
0147 5128615     149     149     149 :     282
0147 5134611      12      12      12 :     294
0147 5181701     130     130     130 :     424
PCT TOTAL                  HOMEWOOD 0147     424:     424
0148 5120871     170     170     170 :     170
0148 5126144      31      31      31 :     201
0148 5133603     174     174     174 :     375
PCT TOTAL                     HORRY 0148     375:     375
0149 5128263      87      87      87 :      87
0149 5134786      87      87      87 :     174
PCT TOTAL                    INLAND 0149     174:     174
0150 5128458     114     114     114 :     114
0150 5134776     103     103     103 :     217
PCT TOTAL             JACKSON_BLUFF 0150     217:     217
0151 5104064     140     140     140 :     140
0151 5123911     142     142     142 :     282
0151 5124004     155     155     155 :     437
0151 5125994     134     134     134 :     571
0151 5127036     150     150     150 :     721
0151 5186344     146     146     146 :     867
PCT TOTAL                 JAMESTOWN 0151     867:     933 (       66) ZORK
0152 5135975     106     106     106 :     106
0152 5137846     109     109     109 :     215
PCT TOTAL       JERIGANS_CROSSROADS 0152     215:     215
0153 5124967     105     105     105 :     105
0153 5128734      95      95      95 :     200
0153 5131832      83      83      83 :     283
0153 5185895      99      99      99 :     382
PCT TOTAL               JET_PORT_#1 0153     382:     382
0154 5123044     120     120     120 :     120
0154 5124403     118     118     118 :     238
0154 5127136     104     104     104 :     342
0154 5132665     113     113     113 :     455
0154 5137849     118     118     118 :     573
PCT TOTAL               JET_PORT_#2 0154     573:     573
0155 5119886      90      90      90 :      90
PCT TOTAL               JORDANVILLE 0155      90:     202 (      112) ZORK
0156 5127424      69      69      69 :      69
0156 5186795      61      61      61 :     130
PCT TOTAL              JOYNER_SWAMP 0156     130:     130
0157 5103948     112     112     112 :     112
0157 5109542     104     104     104 :     216
0157 5114217      84      84      84 :     300
0157 5123459     111     111     111 :     411
0157 5128134      96      96      96 :     507
PCT TOTAL               JUNIPER_BAY 0157     507:     507
0158 5113678     149     149     149 :     149
0158 5118322     144     144     144 :     293
0158 5120575     151     151     151 :     444
0158 5123620     144     144     144 :     588
0158 5125191     132     132     132 :     720
0158 5128214     133     133     133 :     853
0158 5133244     145     145     145 :     998
0158 5133765     134     134     134 :    1132
0158 5135986     134     134     134 :    1266
0158 5138389     145     145     145 :    1411
PCT TOTAL                 LAKE_PARK 0158    1411:    1411
0159 5118101     112     112     112 :     112
0159 5122737     111     111     111 :     223
0159 5138738     128     128     128 :     351
PCT TOTAL                      LEON 0159     351:     477 (      126) ZORK
0162 5106608      53      53      53 :      53
0162 5123682     169     169     169 :     222
0162 5125628     173     173     173 :     395
0162 5126205     161     161     161 :     556
0162 5127866     176     176     176 :     732
0162 5134019     170     170     170 :     902
PCT TOTAL           LITTLE_RIVER_#3 0162     902:     902
0163 5122417      85      85      85 :      85
0163 5185481      95      95      95 :     180
PCT TOTAL                  LIVE_OAK 0163     180:     180
0164 5123446     149     149     149 :     149
0164 5124880     139     139     139 :     288
0164 5136796      64      64      64 :     352
0164 5138012     147     147     147 :     499
PCT TOTAL                     MAPLE 0164     499:     499
0165 5119110     162     162     162 :     162
0165 5120821     123     123     123 :     285
0165 5121802     166     166     166 :     451
0165 5123684     148     148     148 :     599
0165 5124695     143     143     143 :     742
0165 5128192     132     132     132 :     874
0165 5133425     162     162     162 :    1036
0165 5135519     159     159     159 :    1195
PCT TOTAL                   MARLOWE 0165    1195:    1349 (      154) ZORK
0166 5121502      55      55      55 :      55
0166 5123685      84      84      84 :     139
0166 5133936      73      73      73 :     212
PCT TOTAL        METHODIST_REHOBETH 0166     212:     212
0167 5123428       3       3       3 :       3
0167 5134658      82      82      82 :      85
0167 5136466      61      61      61 :     146
PCT TOTAL                MILL_SWAMP 0167     146:     146
0168 5121820      76      76      76 :      76
0168 5129859      85      85      85 :     161
PCT TOTAL                 MT._OLIVE 0168     161:     161
0169 5125200     119     119     119 :     119
0169 5129278     110     110     110 :     229
PCT TOTAL                MT._VERNON 0169     229:     229
0170 5124073     175     175     175 :     175
0170 5125397     112     112     112 :     287
0170 5127525     154     154     154 :     441
0170 5131457     167     167     167 :     608
PCT TOTAL              MYRTLE_TRACE 0170     608:     608
0171 5126497     130     130     130 :     130
0171 5133523     129     129     129 :     259
0171 5133620      36      36      36 :     295
PCT TOTAL             MYRTLEWOOD_#1 0171     295:     415 (      120) ZORK
0172 5122005     143     143     143 :     143
0172 5123919     158     158     158 :     301
0172 5126047     155     155     155 :     456
0172 5130944     142     142     142 :     598
0172 5133046     153     153     153 :     751
PCT TOTAL             MYRTLEWOOD_#2 0172     751:     751
0173 5106915      89      89      89 :      89
0173 5128213     146     146     146 :     235
0173 5129410     139     139     139 :     374
0173 5133184     154     154     154 :     528
PCT TOTAL             MYRTLEWOOD_#3 0173     528:     669 (      141) ZORK
0174 5118414     121     121     121 :     121
0174 5119109     129     129     129 :     250
0174 5121540     116     116     116 :     366
0174 5122550     118     118     118 :     484
0174 5123336     118     118     118 :     602
0174 5126432     105     105     105 :     707
0174 5128607     112     112     112 :     819
0174 5128968     116     116     116 :     935
0174 5129021     121     121     121 :    1056
0174 5132125     134     134     134 :    1190
0174 5138825     121     121     121 :    1311
PCT TOTAL          NIXONS_XROADS_#1 0174    1311:    1311
0175 5114570     136     136     136 :     136
0175 5121192     133     133     133 :     269
0175 5127248      69      69      69 :     338
0175 5184040     117     117     117 :     455
PCT TOTAL          NIXONS_XROADS_#2 0175     455:     627 (      172) ZORK
0176 5127929     100     100     100 :     100
0176 5129606      84      84      84 :     184
0176 5134832     111     111     111 :     295
PCT TOTAL           NORTH_CONWAY_#1 0176     295:     295
0177 5120228     115     115     115 :     115
0177 5124548     128     128     128 :     243
0177 5124793     128     128     128 :     371
0177 5133588     113     113     113 :     484
PCT TOTAL           NORTH_CONWAY_#2 0177     484:     484
0178 5121680      38      38      38 :      38
0178 5122866      34      34      34 :      72
PCT TOTAL                    NORTON 0178      72:      72
0179 5122107     123     123     123 :     123
0179 5125788     128     128     128 :     251
0179 5134732     115     115     115 :     366
0179 5143834     130     130     130 :     496
PCT TOTAL            OCEAN_DRIVE_#1 0179     496:     629 (      133) ZORK
0180 5102666     144     144     144 :     144
0180 5120031     108     108     108 :     252
0180 5126705     153     153     153 :     405
0180 5127927     128     128     128 :     533
0180 5128305     129     129     129 :     662
0180 5128885     130     130     130 :     792
0180 5130165     100     100     100 :     892
0180 5151477     113     113     113 :    1005
0180 5183366     141     141     141 :    1146
PCT TOTAL            OCEAN_DRIVE_#2 0180    1146:    1146
0181 5111150     131     131     131 :     131
0181 5118695      27      27      27 :     158
0181 5123823     151     151     151 :     309
0181 5129389     150     150     150 :     459
0181 5134670     163     163     163 :     622
PCT TOTAL           OCEAN_FOREST_#1 0181     622:     622
0182 5122386     141     141     141 :     141
0182 5126374     150     150     150 :     291
0182 5137799     160     160     160 :     451
PCT TOTAL           OCEAN_FOREST_#2 0182     451:     610 (      159) ZORK
0183 5121265     108     108     108 :     108
0183 5136101     105     105     105 :     213
PCT TOTAL           OCEAN_FOREST_#3 0183     213:     331 (      118) ZORK
0184 5104997     138     138     138 :     138
0184 5121658     107     107     107 :     245
0184 5122562      79      79      79 :     324
0184 5123495     113     113     113 :     437
0184 5125887     106     106     106 :     543
0184 5126698     133     133     133 :     676
0184 5127989      94      94      94 :     770
PCT TOTAL             PALMETTO_BAYS 0184     770:    1024 (      254) ZORK
0185 5124824     101     101     101 :     101
0185 5127371      87      87      87 :     188
PCT TOTAL             PAWLEYS_SWAMP 0185     188:     188
0186 5128973      48      48      48 :      48
0186 5136608      48      48      48 :      96
PCT TOTAL             PLEASANT_VIEW 0186      96:      96
0187 5126415     191     191     191 :     191
0187 5132110      97      97      97 :     288
PCT TOTAL               POPLAR_HILL 0187     288:     303 (       15) ZORK
0188 5108328     132     132     132 :     132
0188 5125776     111     111     111 :     243
0188 5133392     133     133     133 :     376
PCT TOTAL            PORT_HARRELSON 0188     376:     376
0189 5111151     114     114     114 :     114
0189 5124204      84      84      84 :     198
0189 5125701     118     118     118 :     316
0189 5128557     115     115     115 :     431
PCT TOTAL               RACEPATH_#1 0189     431:     317 (     -114) ZORK
0190 5111168     167     167     167 :     167
0190 5121612     131     131     131 :     298
0190 5125827     127     127     127 :     425
PCT TOTAL               RACEPATH_#2 0190     425:     578 (      153) ZORK
0191 5120616     137     137     137 :     137
0191 5120785     148     148     148 :     285
PCT TOTAL                 RED_BLUFF 0191     285:     285
0193 5121038     143     143     143 :     143
0193 5121522     111     111     111 :     254
0193 5123997     121     121     121 :     375
0193 5124553     136     136     136 :     511
0193 5126254     120     120     120 :     631
0193 5132079     142     142     142 :     773
0193 5133250     129     129     129 :     902
PCT TOTAL               RED_HILL_#2 0193     902:     902
0194 5118240     138     138     138 :     138
0194 5121159     112     112     112 :     250
0194 5122200     127     127     127 :     377
0194 5125058     134     134     134 :     511
0194 5132736     126     126     126 :     637
PCT TOTAL                     SALEM 0194     637:     637
0195 5123936      96      96      96 :      96
0195 5124333      98      98      98 :     194
0195 5127388     107     107     107 :     301
0195 5127736      83      83      83 :     384
0195 5128491      73      73      73 :     457
0195 5131904      44      44      44 :     501
PCT TOTAL               SEA_OATS_#1 0195     501:     501
0196 5104999     119     119     119 :     119
0196 5106491     118     118     118 :     237
0196 5123343      62      62      62 :     299
0196 5137845      78      78      78 :     377
0196 5188049     109     109     109 :     486
PCT TOTAL               SEA_OATS_#2 0196     486:     486
0197 5117980     126     126     126 :     126
0197 5119581     123     123     123 :     249
0197 5119972      91      91      91 :     340
0197 5122714      82      82      82 :     422
0197 5122999     105     105     105 :     527
0197 5127240      80      80      80 :     607
0197 5128695     106     106     106 :     713
0197 5128959     124     124     124 :     837
0197 5138373     106     106     106 :     943
0197 5183735      98      98      98 :    1041
PCT TOTAL                 SEA_WINDS 0197    1041:    1041
0198 5134647     125     125     125 :     125
0198 5135499     108     108     108 :     233
PCT TOTAL                     SHELL 0198     233:     341 (      108) ZORK
0199 5118415     131     131     131 :     131
0199 5121235     104     104     104 :     235
0199 5123433     144     144     144 :     379
0199 5125027     139     139     139 :     518
0199 5127574      11      11      11 :     529
0199 5133068     125     125     125 :     654
0199 5134607     142     142     142 :     796
PCT TOTAL               SOCASTEE_#1 0199     796:    1025 (      229) ZORK
0200 5118590     102     102     102 :     102
0200 5122471      92      92      92 :     194
0200 5124763     101     101     101 :     295
0200 5125251      93      93      93 :     388
0200 5187667      90      90      90 :     478
PCT TOTAL               SOCASTEE_#2 0200     478:     478
0201 5107382     138     138     138 :     138
0201 5124876     137     137     137 :     275
0201 5125276     152     152     152 :     427
0201 5127092     149     149     149 :     576
0201 5129236     140     140     140 :     716
PCT TOTAL               SOCASTEE_#3 0201     716:     855 (      139) ZORK
0202 5119235     105     105     105 :     105
0202 5120566     107     107     107 :     212
0202 5120771     130     130     130 :     342
0202 5121108     116     116     116 :     458
0202 5121592     112     112     112 :     570
0202 5123982     109     109     109 :     679
0202 5125704     125     125     125 :     804
0202 5128160     103     103     103 :     907
0202 5129916     122     122     122 :    1029
PCT TOTAL               SOCASTEE_#4 0202    1029:    1029
0203 5123333      44      44      44 :      44
0203 5138756      65      65      65 :     109
PCT TOTAL             SPRING_BRANCH 0203     109:     109
0204 5113802      82      82      82 :      82
0204 5121995     121     121     121 :     203
0204 5125500      78      78      78 :     281
0204 5127292     126     126     126 :     407
0204 5127943      87      87      87 :     494
0204 5128519      80      80      80 :     574
0204 5132106     103     103     103 :     677
0204 5138298     121     121     121 :     798
PCT TOTAL               SURFSIDE_#1 0204     798:     798
0205 5118048     174     174     174 :     174
0205 5121390      68      68      68 :     242
0205 5134697     191     191     191 :     433
PCT TOTAL               SURFSIDE_#2 0205     433:     433
0206 5101542     109     109     109 :     109
0206 5119018     122     122     122 :     231
0206 5124882     113     113     113 :     344
0206 5125561     130     130     130 :     474
0206 5133199      94      94      94 :     568
0206 5133454     131     131     131 :     699
PCT TOTAL               SURFSIDE_#3 0206     699:     699
0207 5122717      92      92      92 :      92
0207 5123224     124     124     124 :     216
0207 5123839      72      72      72 :     288
0207 5130873     122     122     122 :     410
0207 5132989     125     125     125 :     535
0207 5138856     115     115     115 :     650
0207 5184473      77      77      77 :     727
PCT TOTAL               SURFSIDE_#4 0207     727:     829 (      102) ZORK
0208 5119904      38      38      38 :      38
0208 5121208      97      97      97 :     135
0208 5121605      81      81      81 :     216
0208 5124119      68      68      68 :     284
PCT TOTAL                SWEET_HOME 0208     284:     284
0209 5133028      76      76      76 :      76
0209 5136520      76      76      76 :     152
PCT TOTAL              TAYLORSVILLE 0209     152:     152
0210 5118388     143     143     143 :     143
0210 5124396     132     132     132 :     275
0210 5124663     129     129     129 :     404
PCT TOTAL               TILLY_SWAMP 0210     404:     404
0211 5123330     147     147     147 :     147
0211 5127449     154     154     154 :     301
0211 5134760     144     144     144 :     445
PCT TOTAL                 TODDVILLE 0211     445:     445
0212 5123372     174     174     174 :     174
0212 5126086     156     156     156 :     330
0212 5137376     151     151     151 :     481
PCT TOTAL                    WAMPEE 0212     481:     635 (      154) ZORK
0213 5125548      63      63      63 :      63
0213 5134247      91      91      91 :     154
0213 5187879      82      82      82 :     236
PCT TOTAL               WEST_CONWAY 0213     236:     236
0214 5118842     146     146     146 :     146
0214 5143979     176     176     176 :     322
PCT TOTAL                WEST_LORIS 0214     322:     329 (        7) ZORK
0215 5121479     128     128     128 :     128
0215 5133613     107     107     107 :     235
PCT TOTAL                 WHITE_OAK 0215     235:     235
0216 5118614     133     133     133 :     133
0216 5124986     120     120     120 :     253
0216 5128701      85      85      85 :     338
0216 5134524      90      90      90 :     428
0216 5138095      99      99      99 :     527
0216 5180425     111     111     111 :     638
PCT TOTAL                 WILD_WING 0216     638:     757 (      119) ZORK
0217 5121362     127     127     127 :     127
0217 5125063     121     121     121 :     248
PCT TOTAL             WINDY_HILL_#1 0217     248:     377 (      129) ZORK
0218 5127266      77      77      77 :      77
0218 5127356     134     134     134 :     211
0218 5132491     186     186     186 :     397
PCT TOTAL             WINDY_HILL_#2 0218     397:     564 (      167) ZORK
0219 5110987     134     134     134 :     134
0219 5113577     123     123     123 :     257
0219 5118974      90      90      90 :     347
0219 5123984     130     130     130 :     477
0219 5124298     132     132     132 :     609
0219 5127415     121     121     121 :     730
0219 5128585     137     137     137 :     867
PCT TOTAL                BURGESS_#3 0219     867:     867
0220 5114990     157     157     157 :     157
0220 5118592     167     167     167 :     324
0220 5122924      14      14      14 :     338
0220 5125343     173     173     173 :     511
0220 5128343     173     173     173 :     684
PCT TOTAL                MARLOWE_#2 0220     684:     684
0750 5106798     226     226     226 :     226
0750 5114443     327     354     354 :     553
0750 5121289      53      53      53 :     606
0750 5127740     157     157     157 :     763
0750 5131561     354     356     356 :    1117
0750 5131593     108     108     108 :    1225
0750 5132564      64      64      64 :    1289
0750 5137801      35      35      35 :    1324
0750 5138783     451     452     452 :    1775
0750 5182366      27      27      27 :    1802
0750 5187136     290     296     296 :    2092
PCT TOTAL                  ABSENTEE 0750    2092:    5652 (     3560) ZORK
0850 5114443      27     354     354 :      27
0850 5131561       2     356     356 :      29
0850 5138783       1     452     452 :      30
0850 5187136       6     296     296 :      36
PCT TOTAL                  FAILSAFE 0850      36:      36

COUNTY TOTAL   59079

Pcts By Ivo
  IVO    PCT   COUNT
5101306 0101       1
5101306 0103       1
5101306 0110       1
5101542 0206     109
5102666 0180     144
5103022 0108     119
5103948 0157     112
5104064 0151     140
5104848 0130      84
5104997 0184     138
5104999 0196     119
5105235 0142     121
5105360 0127     116
5105613 0108     119
5106246 0133     135
5106491 0196     118
5106608 0162      53
5106798 0750     226
5106915 0173      89
5107382 0201     138
5108328 0188     132
5109127 0142      60
5109542 0157     104
5110987 0219     134
5111150 0181     131
5111151 0189     114
5111168 0190     167
5111659 0125     122
5112265 0138     160
5113532 0135     138
5113577 0219     123
5113678 0158     149
5113802 0204      82
5114217 0157      84
5114443 0750     327
5114443 0850      27
5114570 0175     136
5114990 0220     157
5115369 0125     127
5116710 0120     123
5116979 0110     110
5117980 0197     126
5118035 0130      82
5118048 0205     174
5118101 0159     112
5118200 0123      76
5118205 0114     128
5118240 0194     138
5118322 0158     144
5118388 0210     143
5118414 0174     121
5118415 0199     131
5118429 0115      99
5118590 0200     102
5118592 0220     167
5118614 0216     133
5118620 0141     100
5118695 0181      27
5118735 0121     133
5118842 0214     146
5118862 0130     124
5118974 0219      90
5119018 0206     122
5119070 0133     131
5119109 0174     129
5119110 0165     162
5119235 0202     105
5119263 0106     136
5119264 0125      99
5119570 0109     161
5119581 0197     123
5119617 0136     135
5119818 0143     107
5119820 0110     106
5119886 0155      90
5119904 0208      38
5119972 0197      91
5120031 0180     108
5120128 0121     135
5120152 0142     121
5120228 0177     115
5120426 0113     149
5120566 0202     107
5120575 0158     151
5120616 0191     137
5120741 0105     122
5120771 0202     130
5120785 0191     148
5120821 0165     123
5120871 0148     170
5120963 0114     159
5120996 0145     103
5121026 0125     103
5121038 0193     143
5121108 0202     116
5121159 0194     112
5121192 0175     133
5121208 0208      97
5121235 0199     104
5121265 0183     108
5121280 0113     126
5121289 0750      53
5121362 0217     127
5121390 0205      68
5121457 0116      98
5121479 0215     128
5121502 0166      55
5121522 0193     111
5121540 0174     116
5121592 0202     112
5121605 0208      81
5121612 0190     131
5121658 0184     107
5121680 0178      38
5121725 0133     133
5121777 0139     114
5121802 0165     166
5121820 0168      76
5121822 0109     151
5121995 0204     121
5122005 0172     143
5122107 0179     123
5122114 0127     119
5122195 0108     148
5122200 0194     127
5122355 0103      18
5122386 0182     141
5122417 0163      85
5122468 0114     162
5122471 0200      92
5122550 0174     118
5122562 0184      79
5122568 0104     142
5122616 0106      47
5122714 0197      82
5122717 0207      92
5122737 0159     111
5122756 0109     135
5122808 0140     120
5122866 0178      34
5122907 0132     131
5122924 0220      14
5122927 0128     125
5122956 0125     105
5122999 0197     105
5123044 0154     120
5123086 0136     137
5123191 0121     130
5123224 0207     124
5123230 0133     101
5123330 0211     147
5123333 0203      44
5123336 0174     118
5123343 0196      62
5123372 0212     174
5123418 0142     119
5123428 0167       3
5123433 0199     144
5123446 0164     149
5123459 0157     111
5123495 0184     113
5123498 0128     116
5123560 0130      84
5123565 0134      95
5123620 0158     144
5123682 0162     169
5123684 0165     148
5123685 0166      84
5123724 0108      88
5123802 0104     149
5123809 0123     127
5123823 0181     151
5123839 0207      72
5123911 0151     142
5123919 0172     158
5123936 0195      96
5123982 0202     109
5123984 0219     130
5123992 0133     124
5123993 0104     158
5123997 0193     121
5124004 0151     155
5124071 0116     101
5124073 0170     175
5124097 0108     138
5124119 0208      68
5124176 0126     103
5124204 0189      84
5124228 0108     134
5124263 0101     132
5124298 0219     132
5124318 0106     112
5124325 0108     109
5124333 0195      98
5124340 0132     148
5124396 0210     132
5124403 0154     118
5124406 0132     147
5124410 0130      93
5124490 0124     161
5124548 0177     128
5124553 0193     136
5124567 0135      96
5124618 0121     108
5124663 0210     129
5124695 0165     143
5124724 0124     162
5124763 0200     101
5124793 0177     128
5124824 0185     101
5124856 0128     130
5124872 0121      98
5124876 0201     137
5124880 0164     139
5124882 0206     113
5124967 0153     105
5124986 0216     120
5125014 0110     116
5125027 0199     139
5125058 0194     134
5125063 0217     121
5125174 0118      76
5125191 0158     132
5125200 0169     119
5125251 0200      93
5125271 0108      80
5125276 0201     152
5125288 0144      31
5125331 0116     110
5125343 0220     173
5125369 0128     133
5125397 0170     112
5125436 0133     144
5125500 0204      78
5125531 0106     132
5125532 0122     120
5125548 0213      63
5125561 0206     130
5125628 0162     173
5125701 0189     118
5125704 0202     125
5125776 0188     111
5125788 0179     128
5125827 0190     127
5125850 0108     133
5125887 0184     106
5125906 0132     138
5125925 0129     168
5125994 0151     134
5126031 0121      83
5126047 0172     155
5126084 0108      94
5126086 0212     156
5126144 0148      31
5126205 0162     161
5126237 0121     129
5126254 0193     120
5126348 0102     139
5126355 0140     127
5126374 0182     150
5126415 0187     191
5126432 0174     105
5126458 0109     135
5126497 0171     130
5126677 0115     111
5126698 0184     133
5126705 0180     153
5126758 0119     120
5126938 0111      89
5127036 0151     150
5127048 0135     146
5127092 0201     149
5127136 0154     104
5127164 0131     110
5127184 0140     130
5127240 0197      80
5127248 0175      69
5127266 0218      77
5127292 0204     126
5127310 0107      98
5127356 0218     134
5127371 0185      87
5127388 0195     107
5127415 0219     121
5127424 0156      69
5127449 0211     154
5127457 0115     117
5127472 0146      36
5127500 0111     104
5127516 0139     113
5127525 0170     154
5127574 0199      11
5127690 0117      83
5127736 0195      83
5127740 0750     157
5127866 0162     176
5127927 0180     128
5127929 0176     100
5127943 0204      87
5127957 0142     119
5127984 0122     122
5127989 0184      94
5128009 0112     141
5128013 0105     111
5128055 0126     111
5128098 0136     130
5128134 0157      96
5128160 0202     103
5128192 0165     132
5128200 0140     137
5128213 0173     146
5128214 0158     133
5128263 0149      87
5128305 0180     129
5128328 0145     116
5128343 0220     173
5128458 0150     114
5128491 0195      73
5128519 0204      80
5128537 0147     133
5128557 0189     115
5128562 0103      46
5128585 0219     137
5128601 0101     115
5128607 0174     112
5128615 0147     149
5128647 0118      91
5128695 0197     106
5128701 0216      85
5128734 0153      95
5128771 0128     121
5128885 0180     130
5128959 0197     124
5128968 0174     116
5128973 0186      48
5129021 0174     121
5129059 0139     113
5129068 0146      42
5129211 0110     108
5129236 0201     140
5129242 0135     120
5129278 0169     110
5129290 0140     130
5129389 0181     150
5129410 0173     139
5129535 0121     115
5129606 0176      84
5129859 0168      85
5129916 0202     122
5130165 0180     100
5130669 0129     158
5130802 0124     128
5130873 0207     122
5130944 0172     142
5131136 0117     103
5131254 0131     106
5131457 0170     167
5131561 0750     354
5131561 0850       2
5131593 0750     108
5131646 0138      74
5131822 0110      42
5131832 0153      83
5131844 0109      76
5131904 0195      44
5131962 0128     109
5131986 0110     107
5132079 0193     142
5132082 0120     132
5132106 0204     103
5132110 0187      97
5132125 0174     134
5132323 0113       2
5132349 0127     117
5132466 0108     143
5132491 0218     186
5132494 0116      79
5132564 0750      64
5132665 0154     113
5132736 0194     126
5132829 0101     125
5132978 0139     113
5132989 0207     125
5133000 0106     144
5133021 0119     128
5133024 0113     128
5133028 0209      76
5133046 0172     153
5133068 0199     125
5133104 0144      52
5133110 0104     134
5133121 0124     160
5133178 0132     133
5133184 0173     154
5133199 0206      94
5133244 0158     145
5133250 0193     129
5133301 0129     168
5133392 0188     133
5133425 0165     162
5133454 0206     131
5133523 0171     129
5133588 0177     113
5133603 0148     174
5133613 0215     107
5133620 0171      36
5133731 0120     127
5133765 0158     134
5133795 0137      70
5133922 0123     138
5133936 0166      73
5134019 0162     170
5134247 0213      91
5134301 0106     114
5134524 0216      90
5134607 0199     142
5134611 0147      12
5134621 0130      99
5134647 0198     125
5134658 0167      82
5134670 0181     163
5134687 0117     104
5134697 0205     191
5134732 0179     115
5134760 0211     144
5134765 0138     149
5134776 0150     103
5134786 0149      87
5134807 0145     127
5134832 0176     111
5134867 0143      91
5135499 0198     108
5135519 0165     159
5135561 0114     157
5135581 0136     118
5135808 0134      89
5135975 0152     106
5135985 0129     144
5135986 0158     134
5136003 0135     136
5136101 0183     105
5136157 0110     117
5136466 0167      61
5136478 0112     147
5136520 0209      76
5136608 0186      48
5136796 0164      64
5137376 0212     151
5137789 0130      60
5137799 0182     160
5137801 0750      35
5137845 0196      78
5137846 0152     109
5137849 0154     118
5137885 0114     156
5138012 0164     147
5138070 0108     116
5138095 0216      99
5138141 0131     103
5138298 0204     121
5138324 0101     136
5138373 0197     106
5138389 0158     145
5138394 0135     129
5138399 0142     129
5138513 0130      91
5138519 0102      93
5138589 0132     146
5138630 0126     130
5138738 0159     128
5138756 0203      65
5138758 0141      82
5138783 0750     451
5138783 0850       1
5138825 0174     121
5138856 0207     115
5142197 0128     110
5142634 0113     126
5143227 0132      88
5143629 0137       9
5143810 0121     137
5143834 0179     130
5143979 0214     176
5144022 0111     101
5151477 0180     113
5170595 0138     170
5180425 0216     111
5181701 0147     130
5182366 0750      27
5183366 0180     141
5183735 0197      98
5184040 0175     117
5184473 0207      77
5185017 0143     120
5185389 0109     141
5185390 0131      97
5185481 0163      95
5185693 0138     145
5185895 0153      99
5186344 0151     146
5186795 0156      61
5187136 0750     290
5187136 0850       6
5187667 0200      90
5187743 0111     108
5187879 0213      82
5187941 0130      83
5188049 0196     109
5188106 0142     100

COUNTY TOTAL     59079


