Pct Ivo Count for mccormick
 PCT   IVO    PCTTOT     155     152 : RUNNINGTOTAL
0001 5118433      82      82      82 :      82
0001 5130530      49      49      49 :     131
PCT TOTAL                 MT_CARMEL 0001     131:     131
0003 5105698     196     196     196 :     196
0003 5118412     197     197     197 :     393
0003 5121310     201     201     201 :     594
0003 5128365     205     205     205 :     799
PCT TOTAL                  SAVANNAH 0003     799:     799
0004 5125821      75      75      75 :      75
0004 5131350      34      34      34 :     109
PCT TOTAL                WILLINGTON 0004     109:     109
0006 5118877     166     166     166 :     166
0006 5125636     156     156     156 :     322
0006 5138430     148     148     148 :     470
PCT TOTAL           MCCORMICK_NO._1 0006     470:     470
0008 5135415     122     122     122 :     122
PCT TOTAL                   BETHANY 0008     122:     122
0009 5126609     111     111     111 :     111
0009 5127556     159     159     159 :     270
0009 5130325      70      70      70 :     340
PCT TOTAL           MCCORMICK_NO._2 0009     340:     375 (       35) ZORK
0010 5119262      37      37      37 :      37
0010 5121678     189     189     189 :     226
0010 5127330     186     186     186 :     412
PCT TOTAL               PLUM_BRANCH 0010     412:     412
0013 5118291      54      54      54 :      54
0013 5122988      53      53      53 :     107
PCT TOTAL                PARKSVILLE 0013     107:     107
0014 5102655      62      62      62 :      62
0014 5122418      46      46      46 :     108
PCT TOTAL                     MODOC 0014     108:     108
0015 5124081     138     138     138 :     138
0015 5129509     100     100     100 :     238
PCT TOTAL               CLARKS_HILL 0015     238:     238
0750 5124376     563     563     563 :     563
0750 5130430     301     301     301 :     864
PCT TOTAL                  ABSENTEE 0750     864:    1107 (      243) ZORK

COUNTY TOTAL    3700

Pcts By Ivo
  IVO    PCT   COUNT
5102655 0014      62
5105698 0003     196
5118291 0013      54
5118412 0003     197
5118433 0001      82
5118877 0006     166
5119262 0010      37
5121310 0003     201
5121678 0010     189
5122418 0014      46
5122988 0013      53
5124081 0015     138
5124376 0750     563
5125636 0006     156
5125821 0004      75
5126609 0009     111
5127330 0010     186
5127556 0009     159
5128365 0003     205
5129509 0015     100
5130325 0009      70
5130430 0750     301
5130530 0001      49
5131350 0004      34
5135415 0008     122
5138430 0006     148

COUNTY TOTAL      3700


